0 0 322 0
0 1 322 0
1 0 322 0
2 0 322 0
1 1 322 0
0 2 322 0
0 3 322 0
1 2 322 0
2 1 190 1
3 0 850 2
4 0 850 2
3 1 850 2
2 2 850 2
1 3 850 2
0 4 850 2
0 5 850 2
1 4 850 2
2 3 188 3
3 2 850 4
4 1 850 4
5 0 850 4
6 0 850 4
5 1 850 4
4 2 850 4
3 3 850 4
2 4 850 4
1 5 850 4
0 6 850 4
0 7 850 4
1 6 850 4
2 5 850 4
3 4 850 4
4 3 850 4
5 2 850 4
6 1 477 5
7 0 477 5
8 0 477 5
7 1 477 5
6 2 477 5
5 3 477 5
4 4 477 5
3 5 477 5
2 6 477 5
1 7 477 5
0 8 477 5
0 9 477 5
1 8 477 5
2 7 477 5
3 6 477 5
4 5 477 5
5 4 477 5
6 3 477 5
7 2 477 5
8 1 477 5
9 0 477 5
10 0 477 5
9 1 477 5
8 2 477 5
7 3 477 5
6 4 477 5
5 5 477 5
4 6 477 5
3 7 537 5
2 8 477 5
1 9 477 5
0 10 477 5
1 10 850 5
2 9 850 5
3 8 850 5
4 7 850 5
5 6 850 5
6 5 850 5
7 4 850 5
8 3 850 5
9 2 477 5
10 1 477 5
10 2 477 5
9 3 477 5
8 4 477 5
7 5 477 5
6 6 477 5
5 7 477 5
4 8 477 6
3 9 477 6
2 10 850 6
3 10 850 6
4 9 850 6
5 8 850 6
6 7 850 6
7 6 477 6
8 5 477 6
9 4 477 6
10 3 477 6
10 4 477 6
9 5 850 6
8 6 850 6
7 7 477 6
6 8 850 6
5 9 850 6
4 10 850 6
5 10 850 6
6 9 850 6
7 8 850 6
8 7 850 6
9 6 850 6
10 5 850 6
10 6 188 7
9 7 3068 8
8 8 3068 8
7 9 322 9
6 10 322 9
7 10 322 9
8 9 316 9
9 8 322 9
10 7 322 9
10 8 322 9
9 9 322 9
8 10 239 9
