31
1369.769090259262
0.2724498758369927
0.057317528782713095
0
0.09276013234115313
0.09351884707103325
0
0.08783889652298016
0.12315921740811504
0
0.14444384829936308
0.08961238582309915
0.10152443584525667
0
0.06489467695569372
0.0676802624341811
0
0.11787872405292717
0.14881087703257465
0.09200188000176883
0
0.1388382425455625
0.2035135199267928
0
0.11463021580753413
0.34389442458321867
0.12665483171856184
0
0.16268482768845313
0.32119376051772724
0
0.06260786411588987
0.18482999136138495
0.060487582153543946
0.13985652448015418
0.14797640393412315
0.1836011781611399
0
0.10269894947042169
0.14410156208074412
0
0.0898614030846809
0.12674056279347803
0.1047253477829204
0
0.09277837687448483
0.2150093904978351
0
0.1484028843073293
0.09183185793992678
0.20499309601379792
0
0.28034641433282315
0.17844099735771246
0
0.3065489574791312
0.15281033797044968
0.34333256109051746
0
0.2071040368000483
0.08165026128421961
0
0.36053212585953953
0
