0 12 9e-06
1 12 9e-06
2 12 9e-06
3 12 9e-06
11 12 9e-06
13 12 9e-06
22 12 9e-06
12 23 0.0036864
23 4 0.0001152
23 5 0.0001152
23 14 0.0001152
23 15 0.0001152
23 24 0.0001152
23 33 0.0001152
23 34 0.0001152
23 44 0.0001152
4 24 6.75e-06
5 24 6.75e-06
14 24 6.75e-06
15 24 6.75e-06
33 24 6.75e-06
34 24 6.75e-06
44 24 6.75e-06
24 25 0.0027648
25 6 4.32e-05
25 7 4.32e-05
25 16 4.32e-05
25 17 4.32e-05
25 26 4.32e-05
25 27 4.32e-05
25 35 4.32e-05
25 36 4.32e-05
25 37 4.32e-05
25 45 4.32e-05
25 46 4.32e-05
25 47 4.32e-05
25 55 4.32e-05
25 56 4.32e-05
25 57 4.32e-05
25 66 4.32e-05
6 36 1.6875e-06
7 36 1.6875e-06
16 36 1.6875e-06
17 36 1.6875e-06
26 36 1.6875e-06
27 36 1.6875e-06
35 36 1.6875e-06
37 36 1.6875e-06
45 36 1.6875e-06
46 36 1.6875e-06
47 36 1.6875e-06
55 36 1.6875e-06
56 36 1.6875e-06
57 36 1.6875e-06
66 36 1.6875e-06
36 8 1.92e-05
36 9 1.92e-05
36 10 1.92e-05
36 18 1.92e-05
36 19 1.92e-05
36 20 1.92e-05
36 21 7.68e-05
36 28 1.92e-05
36 29 1.92e-05
36 30 1.92e-05
36 31 7.68e-05
36 38 1.92e-05
36 39 1.92e-05
36 40 1.92e-05
36 41 7.68e-05
36 48 1.92e-05
36 49 1.92e-05
36 50 1.92e-05
36 51 7.68e-05
36 58 1.92e-05
36 59 1.92e-05
36 60 1.92e-05
36 61 7.68e-05
36 62 1.92e-05
36 67 1.92e-05
36 68 1.92e-05
36 69 1.92e-05
36 70 1.92e-05
36 71 7.68e-05
36 72 1.92e-05
36 77 1.92e-05
36 78 1.92e-05
36 79 1.92e-05
36 80 1.92e-05
36 81 7.68e-05
36 82 1.92e-05
36 88 1.92e-05
36 89 1.92e-05
36 90 1.92e-05
36 91 7.68e-05
36 92 1.92e-05
36 99 1.92e-05
36 100 1.92e-05
36 101 1.92e-05
36 102 1.92e-05
36 110 1.92e-05
36 111 1.92e-05
36 112 1.92e-05
8 48 2.5e-07
9 48 2.5e-07
10 48 2.5e-07
18 48 2.5e-07
19 48 2.5e-07
20 48 2.5e-07
21 48 1e-06
28 48 2.5e-07
29 48 2.5e-07
30 48 2.5e-07
31 48 1e-06
38 48 2.5e-07
39 48 2.5e-07
40 48 2.5e-07
41 48 1e-06
49 48 2.5e-07
50 48 2.5e-07
51 48 1e-06
58 48 2.5e-07
59 48 2.5e-07
60 48 2.5e-07
61 48 1e-06
62 48 2.5e-07
67 48 2.5e-07
68 48 2.5e-07
69 48 2.5e-07
70 48 2.5e-07
71 48 1e-06
72 48 2.5e-07
77 48 2.5e-07
78 48 2.5e-07
79 48 2.5e-07
80 48 2.5e-07
81 48 1e-06
82 48 2.5e-07
88 48 2.5e-07
89 48 2.5e-07
90 48 2.5e-07
91 48 1e-06
92 48 2.5e-07
99 48 2.5e-07
100 48 2.5e-07
101 48 2.5e-07
102 48 2.5e-07
110 48 2.5e-07
111 48 2.5e-07
112 48 2.5e-07
48 32 5.12e-05
48 42 1.28e-05
48 43 5.12e-05
48 52 1.28e-05
48 53 5.12e-05
48 54 5.12e-05
48 63 5.12e-05
48 64 5.12e-05
48 65 5.12e-05
48 73 5.12e-05
48 74 5.12e-05
48 75 5.12e-05
48 83 1.28e-05
48 84 1.28e-05
48 85 5.12e-05
48 93 1.28e-05
48 94 5.12e-05
48 95 5.12e-05
48 103 1.28e-05
48 104 5.12e-05
48 105 5.12e-05
48 113 1.28e-05
48 114 1.28e-05
48 115 5.12e-05
32 83 1e-06
42 83 2.5e-07
43 83 1e-06
52 83 2.5e-07
53 83 1e-06
54 83 1e-06
63 83 1e-06
64 83 1e-06
65 83 1e-06
73 83 1e-06
74 83 1e-06
75 83 1e-06
84 83 2.5e-07
85 83 1e-06
93 83 2.5e-07
94 83 1e-06
95 83 1e-06
103 83 2.5e-07
104 83 1e-06
105 83 1e-06
113 83 2.5e-07
114 83 2.5e-07
115 83 1e-06
83 116 0.0009216
116 96 0.0001152
116 106 0.0001152
106 96 1.125e-06
96 76 1.3963636363636362e-05
96 86 1.3963636363636362e-05
96 87 1.3963636363636362e-05
96 97 1.3963636363636362e-05
96 98 3.4909090909090904e-06
96 107 1.3963636363636362e-05
96 108 1.3963636363636362e-05
96 117 1.3963636363636362e-05
96 118 1.3963636363636362e-05
76 97 5.326704545454545e-09
86 97 5.326704545454545e-09
87 97 5.326704545454545e-09
98 97 1.3316761363636363e-09
107 97 5.326704545454545e-09
108 97 5.326704545454545e-09
117 97 5.326704545454545e-09
118 97 5.326704545454545e-09
