31
8 0 1 2 3 64 65 66 128 65
1 129 129
24 4 5 6 7 67 68 69 70 130 131 132 133 192 193 194 195 196 256 257 258 259 320 321 384 130
4 322 385 448 512 448
0 0
2 386 449 386
8 8 9 71 72 134 197 260 323 197
0 0
24 10 11 73 74 135 136 137 198 199 200 261 262 263 324 325 387 388 450 451 513 514 576 577 640 324
6 326 389 452 515 578 641 515
2 704 768 768
0 0
6 390 453 516 579 642 705 390
10 12 13 75 76 138 139 201 202 264 327 201
0 0
10 265 328 391 454 517 580 643 706 769 832 454
24 14 15 77 78 140 141 203 204 266 267 329 330 392 393 455 456 518 519 581 644 707 770 833 896 455
10 582 645 708 771 834 897 898 960 961 1024 834
0 0
10 268 331 394 457 520 583 646 709 772 835 268
10 16 17 79 80 142 143 205 206 269 332 142
0 0
10 395 458 521 584 647 710 773 836 899 962 710
10 711 774 837 900 963 1025 1026 1088 1089 1152 963
40 18 19 81 82 144 145 207 208 270 271 333 334 396 397 459 460 522 523 585 586 648 649 712 775 776 838 839 901 902 964 965 1027 1028 1090 1091 1153 1154 1216 1217 1280 648
0 0
5 461 524 587 650 713 587
40 20 21 83 84 146 147 209 210 272 273 335 336 398 399 462 525 588 651 714 777 778 840 841 903 904 966 967 1029 1030 1092 1093 1155 1156 1218 1219 1281 1282 1344 1345 1408 714
0 0
2 652 715 652
2 526 589 526
