0 1 0.05308416
1 2 0.005308416
1 3 0.005308416
1 4 0.005308416
1 5 0.005308416
1 6 0.005308416
1 7 0.005308416
1 8 0.005308416
1 9 0.005308416
1 10 0.005308416
1 11 0.005308416
2 7 0.05308416
3 7 0.05308416
4 7 0.05308416
5 7 0.05308416
6 7 0.05308416
8 7 0.05308416
9 7 0.05308416
10 7 0.05308416
11 7 0.05308416
7 12 0.05308416
12 13 0.001327104
12 14 0.001327104
12 15 0.001327104
12 16 0.001327104
12 17 0.001327104
12 18 0.001327104
12 19 0.001327104
12 20 0.001327104
12 21 0.001327104
12 22 0.001327104
13 15 0.02654208
14 15 0.02654208
16 15 0.02654208
17 15 0.02654208
18 15 0.02654208
19 15 0.02654208
20 15 0.02654208
21 15 0.02654208
22 15 0.02654208
15 23 0.001327104
15 24 0.001327104
15 25 0.001327104
15 26 0.001327104
15 27 0.001327104
15 28 0.001327104
15 29 0.001327104
15 30 0.001327104
15 31 0.001327104
15 32 0.001327104
15 33 0.001327104
15 34 0.001327104
15 35 0.001327104
15 36 0.001327104
15 37 0.001327104
15 38 0.001327104
15 39 0.001327104
15 40 0.001327104
15 41 0.001327104
15 42 0.001327104
23 42 0.02654208
24 42 0.02654208
25 42 0.02654208
26 42 0.02654208
27 42 0.02654208
28 42 0.02654208
29 42 0.02654208
30 42 0.02654208
31 42 0.02654208
32 42 0.02654208
33 42 0.02654208
34 42 0.02654208
35 42 0.02654208
36 42 0.02654208
37 42 0.02654208
38 42 0.02654208
39 42 0.02654208
40 42 0.02654208
41 42 0.02654208
42 43 0.02654208
43 44 0.000165888
43 45 0.000165888
43 46 0.000165888
43 47 0.000165888
43 48 0.000165888
43 49 0.000165888
43 50 0.000165888
43 51 0.000165888
43 52 0.000165888
43 53 0.000165888
43 54 0.000165888
43 55 0.000165888
43 56 0.000165888
43 57 0.000165888
43 58 0.000165888
43 59 0.000165888
43 60 0.000165888
43 61 0.000165888
43 62 0.000165888
43 63 0.000165888
43 64 0.000165888
43 65 0.000165888
43 66 0.000165888
43 67 0.000165888
43 68 0.000165888
43 69 0.000165888
43 70 0.000165888
43 71 0.000165888
43 72 0.000165888
43 73 0.000165888
43 74 0.000165888
43 75 0.000165888
43 76 0.000165888
43 77 0.000165888
43 78 0.000165888
43 79 0.000165888
43 80 0.000165888
43 81 0.000165888
43 82 0.000165888
43 83 0.000165888
44 80 0.01327104
45 80 0.01327104
46 80 0.01327104
47 80 0.01327104
48 80 0.01327104
49 80 0.01327104
50 80 0.01327104
51 80 0.01327104
52 80 0.01327104
53 80 0.01327104
54 80 0.01327104
55 80 0.01327104
56 80 0.01327104
57 80 0.01327104
58 80 0.01327104
59 80 0.01327104
60 80 0.01327104
61 80 0.01327104
62 80 0.01327104
63 80 0.01327104
64 80 0.01327104
65 80 0.01327104
66 80 0.01327104
67 80 0.01327104
68 80 0.01327104
69 80 0.01327104
70 80 0.01327104
71 80 0.01327104
72 80 0.01327104
73 80 0.01327104
74 80 0.01327104
75 80 0.01327104
76 80 0.01327104
77 80 0.01327104
78 80 0.01327104
79 80 0.01327104
81 80 0.01327104
82 80 0.01327104
83 80 0.01327104
80 84 0.00017461894736842104
80 85 0.00017461894736842104
80 86 0.00017461894736842104
80 87 0.00017461894736842104
80 88 0.00017461894736842104
80 89 0.00017461894736842104
80 90 0.00017461894736842104
80 91 0.00017461894736842104
80 92 0.00017461894736842104
80 93 0.00017461894736842104
80 94 0.00017461894736842104
80 95 0.00017461894736842104
80 96 0.00017461894736842104
80 97 0.00017461894736842104
80 98 0.00017461894736842104
80 99 0.00017461894736842104
80 100 0.00017461894736842104
80 101 0.00017461894736842104
80 102 0.00017461894736842104
80 103 0.00017461894736842104
80 104 0.00017461894736842104
80 105 0.00017461894736842104
80 106 0.00017461894736842104
80 107 0.00017461894736842104
80 108 0.00017461894736842104
80 109 0.00017461894736842104
80 110 0.00017461894736842104
80 111 0.00017461894736842104
80 112 0.00017461894736842104
80 113 0.00017461894736842104
80 114 0.00017461894736842104
80 115 0.00017461894736842104
80 116 0.00017461894736842104
80 117 0.00017461894736842104
80 118 0.00017461894736842104
80 119 0.00017461894736842104
80 120 0.00017461894736842104
80 121 0.00017461894736842104
80 122 0.00017461894736842104
80 123 0.00017461894736842104
80 124 0.00017461894736842104
80 125 0.00017461894736842104
80 126 0.00017461894736842104
80 127 0.00017461894736842104
80 128 0.00017461894736842104
80 129 0.00017461894736842104
80 130 0.00017461894736842104
80 131 0.00017461894736842104
80 132 0.00017461894736842104
80 133 0.00017461894736842104
80 134 0.00017461894736842104
80 135 0.00017461894736842104
80 136 0.00017461894736842104
80 137 0.00017461894736842104
80 138 0.00017461894736842104
80 139 0.00017461894736842104
80 140 0.00017461894736842104
80 141 0.00017461894736842104
80 142 0.00017461894736842104
80 143 0.00017461894736842104
80 144 0.00017461894736842104
80 145 0.00017461894736842104
80 146 0.00017461894736842104
80 147 0.00017461894736842104
80 148 0.00017461894736842104
80 149 0.00017461894736842104
80 150 0.00017461894736842104
80 151 0.00017461894736842104
80 152 0.00017461894736842104
80 153 0.00017461894736842104
80 154 0.00017461894736842104
80 155 0.00017461894736842104
80 156 0.00017461894736842104
80 157 0.00017461894736842104
80 158 0.00017461894736842104
80 159 0.00017461894736842104
84 96 0.01327104
85 96 0.01327104
86 96 0.01327104
87 96 0.01327104
88 96 0.01327104
89 96 0.01327104
90 96 0.01327104
91 96 0.01327104
92 96 0.01327104
93 96 0.01327104
94 96 0.01327104
95 96 0.01327104
97 96 0.01327104
98 96 0.01327104
99 96 0.01327104
100 96 0.01327104
101 96 0.01327104
102 96 0.01327104
103 96 0.01327104
104 96 0.01327104
105 96 0.01327104
106 96 0.01327104
107 96 0.01327104
108 96 0.01327104
109 96 0.01327104
110 96 0.01327104
111 96 0.01327104
112 96 0.01327104
113 96 0.01327104
114 96 0.01327104
115 96 0.01327104
116 96 0.01327104
117 96 0.01327104
118 96 0.01327104
119 96 0.01327104
120 96 0.01327104
121 96 0.01327104
122 96 0.01327104
123 96 0.01327104
124 96 0.01327104
125 96 0.01327104
126 96 0.01327104
127 96 0.01327104
128 96 0.01327104
129 96 0.01327104
130 96 0.01327104
131 96 0.01327104
132 96 0.01327104
133 96 0.01327104
134 96 0.01327104
135 96 0.01327104
136 96 0.01327104
137 96 0.01327104
138 96 0.01327104
139 96 0.01327104
140 96 0.01327104
141 96 0.01327104
142 96 0.01327104
143 96 0.01327104
144 96 0.01327104
145 96 0.01327104
146 96 0.01327104
147 96 0.01327104
148 96 0.01327104
149 96 0.01327104
150 96 0.01327104
151 96 0.01327104
152 96 0.01327104
153 96 0.01327104
154 96 0.01327104
155 96 0.01327104
156 96 0.01327104
157 96 0.01327104
158 96 0.01327104
159 96 0.01327104
96 160 0.01327104
160 161 2.182736842105263e-05
160 162 2.182736842105263e-05
160 163 2.182736842105263e-05
160 164 2.182736842105263e-05
160 165 2.182736842105263e-05
160 166 2.182736842105263e-05
160 167 2.182736842105263e-05
160 168 2.182736842105263e-05
160 169 2.182736842105263e-05
160 170 2.182736842105263e-05
160 171 2.182736842105263e-05
160 172 2.182736842105263e-05
160 173 2.182736842105263e-05
160 174 2.182736842105263e-05
160 175 2.182736842105263e-05
160 176 2.182736842105263e-05
160 177 2.182736842105263e-05
160 178 2.182736842105263e-05
160 179 2.182736842105263e-05
160 180 2.182736842105263e-05
160 181 2.182736842105263e-05
160 182 2.182736842105263e-05
160 183 2.182736842105263e-05
160 184 2.182736842105263e-05
160 185 2.182736842105263e-05
160 186 2.182736842105263e-05
160 187 2.182736842105263e-05
160 188 2.182736842105263e-05
160 189 2.182736842105263e-05
160 190 2.182736842105263e-05
160 191 2.182736842105263e-05
160 192 2.182736842105263e-05
160 193 2.182736842105263e-05
160 194 2.182736842105263e-05
160 195 2.182736842105263e-05
160 196 2.182736842105263e-05
160 197 2.182736842105263e-05
160 198 2.182736842105263e-05
160 199 2.182736842105263e-05
160 200 2.182736842105263e-05
160 201 2.182736842105263e-05
160 202 2.182736842105263e-05
160 203 2.182736842105263e-05
160 204 2.182736842105263e-05
160 205 2.182736842105263e-05
160 206 2.182736842105263e-05
160 207 2.182736842105263e-05
160 208 2.182736842105263e-05
160 209 2.182736842105263e-05
160 210 2.182736842105263e-05
160 211 2.182736842105263e-05
160 212 2.182736842105263e-05
160 213 2.182736842105263e-05
160 214 2.182736842105263e-05
160 215 2.182736842105263e-05
160 216 2.182736842105263e-05
160 217 2.182736842105263e-05
160 218 2.182736842105263e-05
160 219 2.182736842105263e-05
160 220 2.182736842105263e-05
160 221 2.182736842105263e-05
160 222 2.182736842105263e-05
160 223 2.182736842105263e-05
160 224 2.182736842105263e-05
160 225 2.182736842105263e-05
160 226 2.182736842105263e-05
160 227 2.182736842105263e-05
160 228 2.182736842105263e-05
160 229 2.182736842105263e-05
160 230 2.182736842105263e-05
160 231 2.182736842105263e-05
160 232 2.182736842105263e-05
160 233 2.182736842105263e-05
160 234 2.182736842105263e-05
160 235 2.182736842105263e-05
160 236 2.182736842105263e-05
160 237 2.182736842105263e-05
160 238 2.182736842105263e-05
160 239 2.182736842105263e-05
160 240 2.182736842105263e-05
160 241 2.182736842105263e-05
160 242 2.182736842105263e-05
160 243 2.182736842105263e-05
160 244 2.182736842105263e-05
160 245 2.182736842105263e-05
160 246 2.182736842105263e-05
160 247 2.182736842105263e-05
160 248 2.182736842105263e-05
160 249 2.182736842105263e-05
160 250 2.182736842105263e-05
160 251 2.182736842105263e-05
160 252 2.182736842105263e-05
160 253 2.182736842105263e-05
160 254 2.182736842105263e-05
160 255 2.182736842105263e-05
160 256 2.182736842105263e-05
160 257 2.182736842105263e-05
160 258 2.182736842105263e-05
160 259 2.182736842105263e-05
160 260 2.182736842105263e-05
160 261 2.182736842105263e-05
160 262 2.182736842105263e-05
160 263 2.182736842105263e-05
160 264 2.182736842105263e-05
160 265 2.182736842105263e-05
160 266 2.182736842105263e-05
160 267 2.182736842105263e-05
160 268 2.182736842105263e-05
160 269 2.182736842105263e-05
160 270 2.182736842105263e-05
160 271 2.182736842105263e-05
160 272 2.182736842105263e-05
160 273 2.182736842105263e-05
160 274 2.182736842105263e-05
160 275 2.182736842105263e-05
160 276 2.182736842105263e-05
160 277 2.182736842105263e-05
160 278 2.182736842105263e-05
160 279 2.182736842105263e-05
160 280 2.182736842105263e-05
160 281 2.182736842105263e-05
160 282 2.182736842105263e-05
160 283 2.182736842105263e-05
160 284 2.182736842105263e-05
160 285 2.182736842105263e-05
160 286 2.182736842105263e-05
160 287 2.182736842105263e-05
160 288 2.182736842105263e-05
160 289 2.182736842105263e-05
160 290 2.182736842105263e-05
160 291 2.182736842105263e-05
160 292 2.182736842105263e-05
160 293 2.182736842105263e-05
160 294 2.182736842105263e-05
160 295 2.182736842105263e-05
160 296 2.182736842105263e-05
160 297 2.182736842105263e-05
160 298 2.182736842105263e-05
160 299 2.182736842105263e-05
160 300 2.182736842105263e-05
160 301 2.182736842105263e-05
160 302 2.182736842105263e-05
160 303 2.182736842105263e-05
160 304 2.182736842105263e-05
160 305 2.182736842105263e-05
160 306 2.182736842105263e-05
160 307 2.182736842105263e-05
160 308 2.182736842105263e-05
160 309 2.182736842105263e-05
160 310 2.182736842105263e-05
160 311 2.182736842105263e-05
160 312 2.182736842105263e-05
161 272 0.00165888
162 272 0.00165888
163 272 0.00165888
164 272 0.00165888
165 272 0.00165888
166 272 0.00165888
167 272 0.00165888
168 272 0.00165888
169 272 0.00165888
170 272 0.00165888
171 272 0.00165888
172 272 0.00165888
173 272 0.00165888
174 272 0.00165888
175 272 0.00165888
176 272 0.00165888
177 272 0.00165888
178 272 0.00165888
179 272 0.00165888
180 272 0.00165888
181 272 0.00165888
182 272 0.00165888
183 272 0.00165888
184 272 0.00165888
185 272 0.00165888
186 272 0.00165888
187 272 0.00165888
188 272 0.00165888
189 272 0.00165888
190 272 0.00165888
191 272 0.00165888
192 272 0.00165888
193 272 0.00165888
194 272 0.00165888
195 272 0.00165888
196 272 0.00165888
197 272 0.00165888
198 272 0.00165888
199 272 0.00165888
200 272 0.00165888
201 272 0.00165888
202 272 0.00165888
203 272 0.00165888
204 272 0.00165888
205 272 0.00165888
206 272 0.00165888
207 272 0.00165888
208 272 0.00165888
209 272 0.00165888
210 272 0.00165888
211 272 0.00165888
212 272 0.00165888
213 272 0.00165888
214 272 0.00165888
215 272 0.00165888
216 272 0.00165888
217 272 0.00165888
218 272 0.00165888
219 272 0.00165888
220 272 0.00165888
221 272 0.00165888
222 272 0.00165888
223 272 0.00165888
224 272 0.00165888
225 272 0.00165888
226 272 0.00165888
227 272 0.00165888
228 272 0.00165888
229 272 0.00165888
230 272 0.00165888
231 272 0.00165888
232 272 0.00165888
233 272 0.00165888
234 272 0.00165888
235 272 0.00165888
236 272 0.00165888
237 272 0.00165888
238 272 0.00165888
239 272 0.00165888
240 272 0.00165888
241 272 0.00165888
242 272 0.00165888
243 272 0.00165888
244 272 0.00165888
245 272 0.00165888
246 272 0.00165888
247 272 0.00165888
248 272 0.00165888
249 272 0.00165888
250 272 0.00165888
251 272 0.00165888
252 272 0.00165888
253 272 0.00165888
254 272 0.00165888
255 272 0.00165888
256 272 0.00165888
257 272 0.00165888
258 272 0.00165888
259 272 0.00165888
260 272 0.00165888
261 272 0.00165888
262 272 0.00165888
263 272 0.00165888
264 272 0.00165888
265 272 0.00165888
266 272 0.00165888
267 272 0.00165888
268 272 0.00165888
269 272 0.00165888
270 272 0.00165888
271 272 0.00165888
273 272 0.00165888
274 272 0.00165888
275 272 0.00165888
276 272 0.00165888
277 272 0.00165888
278 272 0.00165888
279 272 0.00165888
280 272 0.00165888
281 272 0.00165888
282 272 0.00165888
283 272 0.00165888
284 272 0.00165888
285 272 0.00165888
286 272 0.00165888
287 272 0.00165888
288 272 0.00165888
289 272 0.00165888
290 272 0.00165888
291 272 0.00165888
292 272 0.00165888
293 272 0.00165888
294 272 0.00165888
295 272 0.00165888
296 272 0.00165888
297 272 0.00165888
298 272 0.00165888
299 272 0.00165888
300 272 0.00165888
301 272 0.00165888
302 272 0.00165888
303 272 0.00165888
304 272 0.00165888
305 272 0.00165888
306 272 0.00165888
307 272 0.00165888
308 272 0.00165888
309 272 0.00165888
310 272 0.00165888
311 272 0.00165888
312 272 0.00165888
272 313 0.00165888
313 314 5.184e-05
313 315 5.184e-05
313 316 5.184e-05
313 317 5.184e-05
313 318 5.184e-05
313 319 5.184e-05
313 320 5.184e-05
313 321 5.184e-05
315 314 4.05e-06
316 314 4.05e-06
317 314 4.05e-06
318 314 4.05e-06
319 314 4.05e-06
320 314 4.05e-06
321 314 4.05e-06
