3 65 18
64 65 10
65 129 10
129 6 34
129 7 38
129 67 18
129 68 22
129 69 26
129 130 10
129 131 14
129 132 18
129 133 22
129 192 14
129 193 10
129 194 14
129 195 18
129 256 18
129 257 14
129 320 22
129 321 18
129 384 26
130 322 18
130 385 26
130 448 34
130 512 38
142 584 58
142 647 66
142 710 74
142 962 106
197 10 38
197 74 34
197 135 18
197 136 22
197 200 18
197 261 10
197 262 14
197 263 18
197 324 18
197 387 26
197 388 22
197 450 34
197 451 30
197 513 42
197 514 38
197 576 50
197 577 46
197 640 54
201 265 10
201 328 18
201 391 26
201 454 34
201 517 42
201 580 50
201 643 58
201 706 66
201 769 74
201 832 82
268 16 38
268 80 34
268 143 26
268 206 18
322 448 22
324 326 14
324 389 14
324 452 14
324 515 22
324 578 30
324 641 38
386 8 54
386 9 58
386 71 46
386 72 50
386 134 38
386 197 30
386 260 22
386 323 14
390 12 54
390 13 58
390 75 46
390 76 50
390 138 38
390 139 42
390 201 30
390 202 34
390 264 22
390 327 14
448 386 18
448 449 10
449 386 14
454 15 70
454 77 58
454 78 62
454 140 50
454 266 34
454 393 22
454 456 14
454 518 10
454 833 50
455 582 18
455 645 26
455 708 34
455 771 42
455 834 50
455 898 54
455 1024 70
515 704 30
515 768 34
587 462 26
587 588 10
587 651 10
587 840 34
587 1155 74
587 1344 98
587 1345 94
587 1408 102
642 390 38
648 461 38
648 524 30
648 650 14
652 526 22
652 589 14
710 711 10
710 774 10
710 837 18
710 1026 42
710 1152 58
714 652 18
714 715 10
768 453 46
768 516 38
768 579 30
768 642 22
768 705 14
834 457 58
834 772 18
834 835 10
963 271 98
963 396 78
963 523 66
963 712 42
963 1090 18
