0 1 0.25
1 6 0.075
1 2 0.075
6 5 0.075
2 3 0.075
6 7 0.075
6 11 0.075
5 10 0.075
11 16 0.075
7 12 0.075
3 8 0.075
10 15 0.075
15 20 0.075
2 4 0.004375
4 9 0.004375
2 13 0.004375
3 4 0.004375
4 9 0.004375
3 13 0.004375
4 17 0.00208333
5 9 0.004375
5 13 0.004375
9 4 0.004375
6 9 0.004375
6 13 0.004375
9 4 0.004375
7 9 0.004375
7 13 0.004375
9 4 0.004375
8 9 0.004375
8 13 0.004375
9 4 0.004375
9 17 0.00208333
10 13 0.004375
13 9 0.004375
9 4 0.004375
11 13 0.004375
13 9 0.004375
9 4 0.004375
12 13 0.004375
13 9 0.004375
9 4 0.004375
13 17 0.00208333
15 13 0.004375
13 9 0.004375
9 4 0.004375
16 13 0.004375
13 9 0.004375
9 4 0.004375
20 13 0.004375
13 9 0.004375
9 4 0.004375